时间：2020-07-24
10.57, 10.63, 10.63, 10.64, 10.7, 10.69, 10.61, 10.67, 10.72, 10.59, 10.69, 10.69, 10.78, 10.71, 10.82, 10.84, 10.74, 10.72, 10.74, 10.76, 10.7, 10.72, 10.68, 10.83, 10.88, 10.92, 10.89, 10.91, 10.94, 10.97, 10.96, 10.98, 10.99, 11.02, 11.01, 11.04, 11.03, 11.1, 11.06, 11.08, 11.07, 11.06, 11.04, 11.04, 11.01, 10.99, 10.94, 10.85
时间：2020-07-23
10.87, 10.87, 10.86, 10.85, 10.84, 10.88, 10.87, 10.83, 10.88, 10.89, 10.88, 10.86, 10.84, 10.84, 10.81, 10.82, 10.8, 10.86, 10.88, 10.83, 10.86, 10.81, 10.8, 10.8, 10.79, 10.76, 10.79, 10.75, 10.73, 10.71, 10.72, 10.77, 10.76, 10.78, 10.81, 10.78, 10.78, 10.88, 10.89, 10.9, 10.92, 10.95, 10.99, 10.95, 11.01, 11.0, 11.04, 11.0
时间：2020-07-22
11.07, 11.07, 11.05, 11.09, 11.07, 11.12, 11.14, 11.15, 11.13, 11.15, 11.16, 11.18, 11.2, 11.11, 11.0, 11.02, 11.02, 11.04, 11.06, 11.07, 11.07, 11.06, 11.08, 11.11, 11.11, 11.1, 11.09, 11.11, 11.07, 11.09, 11.1, 11.06, 11.08, 11.03, 10.99, 11.0, 10.99, 10.99, 10.95, 10.97, 10.96, 10.94, 10.92, 10.94, 10.93, 10.96, 11.04, 11.06
时间：2020-07-21
11.05, 11.06, 11.05, 11.05, 11.08, 11.01, 11.0, 11.01, 11.0, 11.0, 11.01, 11.01, 11.04, 11.03, 11.03, 11.02, 10.98, 11.0, 11.02, 11.06, 11.03, 11.02, 11.05, 11.04, 11.04, 11.05, 11.0, 10.97, 10.99, 11.01, 11.03, 11.06, 11.08, 11.1, 11.1, 11.08, 11.13, 11.14, 11.15, 11.16, 11.13, 11.15, 11.21, 11.26, 11.11, 11.14, 11.13, 11.08
时间：2020-07-20
11.15, 11.16, 11.18, 11.15, 11.13, 11.14, 11.16, 11.12, 11.12, 11.11, 11.12, 11.12, 11.15, 11.07, 11.07, 11.08, 11.1, 11.1, 11.1, 11.12, 11.11, 11.09, 11.09, 11.08, 11.08, 11.08, 11.09, 11.06, 11.09, 11.1, 11.12, 11.02, 11.01, 11.02, 11.0, 11.0, 11.02, 11.01, 10.97, 10.99, 10.94, 10.92, 10.94, 11.0, 11.01, 11.07, 11.09, 10.99
时间：2020-07-17
10.92, 10.91, 10.9, 10.91, 10.96, 10.95, 10.98, 10.93, 10.94, 10.95, 10.93, 10.88, 10.84, 10.84, 10.82, 10.79, 10.79, 10.81, 10.81, 10.81, 10.84, 10.88, 10.85, 10.82, 10.87, 10.93, 10.92, 10.94, 10.69, 10.73, 10.7, 10.76, 10.74, 10.78, 10.82, 10.8, 10.8, 10.78, 10.8, 10.76, 10.74, 10.7, 10.63, 10.7, 10.72, 10.72, 10.67, 10.63
时间：2020-07-16
10.68, 10.61, 10.68, 10.66, 10.61, 10.77, 10.8, 10.72, 10.82, 10.83, 10.89, 10.88, 10.85, 10.89, 10.88, 10.87, 10.77, 10.83, 10.81, 10.91, 10.97, 10.91, 10.94, 10.96, 10.9, 10.93, 10.96, 10.96, 10.96, 10.99, 11.01, 11.02, 10.95, 10.97, 11.0, 10.9, 10.98, 10.93, 11.0, 11.01, 11.05, 11.03, 11.0, 11.09, 11.16, 11.02, 10.87, 11.27
时间：2020-07-15
11.38, 11.48, 11.51, 11.53, 11.64, 11.57, 11.61, 11.69, 11.69, 11.62, 11.68, 11.7, 11.71, 11.7
