时间：2020-07-24
7.95, 7.95, 7.95, 7.95, 7.95, 7.95, 7.91, 7.87, 7.62, 7.6, 7.62, 7.61, 7.65, 7.6, 7.66, 7.61, 7.61, 7.68, 7.64, 7.59, 7.56, 7.61, 7.56, 7.67, 7.67, 7.67, 7.67, 7.67, 7.67, 7.68, 7.73, 7.75, 7.79, 7.79, 7.79, 7.75, 7.74, 7.75, 7.71, 7.82, 7.8, 7.89, 7.85, 7.91, 7.89, 7.92, 7.88, 7.95
时间：2020-07-23
7.23, 7.23, 7.22, 7.25, 7.12, 7.12, 7.13, 7.11, 7.08, 7.14, 7.13, 7.11, 7.12, 7.1, 7.09, 7.08, 7.08, 7.12, 7.11, 7.11, 7.1, 7.08, 7.07, 7.07, 7.05, 7.01, 7.02, 7.02, 6.98, 7.0, 6.99, 7.04, 7.05, 7.08, 7.06, 7.04, 7.01, 7.09, 7.07, 7.08, 7.12, 7.11, 7.14, 7.15, 7.13, 7.12, 7.11, 7.12
时间：2020-07-22
7.17, 7.16, 7.16, 7.17, 7.19, 7.18, 7.18, 7.17, 7.2, 7.18, 7.19, 7.21, 7.2, 7.21, 7.2, 7.21, 7.2, 7.21, 7.2, 7.22, 7.24, 7.25, 7.23, 7.26, 7.28, 7.32, 7.26, 7.27, 7.29, 7.25, 7.24, 7.23, 7.24, 7.22, 7.21, 7.19, 7.16, 7.17, 7.17, 7.14, 7.18, 7.16, 7.15, 7.15, 7.13, 7.1, 7.14, 7.25
时间：2020-07-21
7.22, 7.17, 7.18, 7.18, 7.18, 7.17, 7.18, 7.16, 7.15, 7.16, 7.18, 7.19, 7.18, 7.19, 7.17, 7.18, 7.16, 7.18, 7.17, 7.19, 7.19, 7.17, 7.17, 7.17, 7.16, 7.16, 7.16, 7.15, 7.16, 7.15, 7.17, 7.16, 7.17, 7.15, 7.16, 7.16, 7.18, 7.19, 7.18, 7.2, 7.16, 7.16, 7.15, 7.18, 7.19, 7.2, 7.14, 7.2
时间：2020-07-20
7.38, 7.45, 7.38, 7.34, 7.41, 7.32, 7.31, 7.33, 7.33, 7.35, 7.38, 7.36, 7.42, 7.4, 7.39, 7.38, 7.4, 7.47, 7.39, 7.18, 7.18, 7.16, 7.17, 7.15, 7.13, 7.14, 7.12, 7.13, 7.11, 7.09, 7.14, 7.15, 7.19, 7.2, 6.96, 6.93, 6.88, 6.89, 6.85, 6.89, 6.83, 6.88, 6.94, 6.95, 6.99, 6.95, 7.07, 6.95
时间：2020-07-17
7.08, 7.08, 7.08, 7.09, 7.08, 7.1, 7.16, 7.15, 7.2, 7.16, 7.16, 7.14, 7.12, 7.13, 7.13, 7.15, 7.17, 7.16, 7.19, 7.21, 7.21, 7.23, 7.15, 7.14, 7.16, 7.18, 7.26, 7.17, 7.11, 7.25, 7.19, 7.25, 7.19, 7.29, 7.33, 7.35, 7.31, 7.32, 7.31, 7.25, 7.3, 7.21, 7.23, 7.28, 7.45, 7.45, 7.34, 7.78
时间：2020-07-16
7.85, 7.85, 7.85, 7.85, 7.85, 7.85, 7.85, 7.85, 7.85, 7.85, 7.85, 7.85, 7.85, 7.85, 7.85, 7.85, 7.85, 7.85, 7.85, 7.85, 7.85, 7.85, 7.85, 7.85, 7.85, 7.85, 7.85, 7.85, 7.85, 7.85, 7.85, 7.85, 7.85, 7.85, 7.85, 7.85, 7.85, 7.85, 7.85, 7.85, 7.85, 7.85, 7.85, 7.85, 7.85, 7.85, 7.85, 7.67
时间：2020-07-15
7.15, 7.15, 7.17, 7.18, 7.22, 7.26, 7.21, 7.14, 7.12, 7.12, 7.14, 7.14, 7.15, 7.15
