时间：2020-07-24
时间：2020-07-24
5.16, 5.12, 5.15, 5.17, 5.19, 5.12, 5.09, 5.11, 5.14, 5.04, 5.08, 5.06, 5.09, 5.08, 5.13, 5.15, 5.2, 5.09, 5.09, 5.07, 5.05, 5.08, 5.02, 5.09, 5.09, 5.11, 5.09, 5.14, 5.19, 5.07, 5.06, 5.08, 5.09, 5.05, 5.02, 5.01, 5.02, 5.0, 4.98, 5.02, 5.01, 5.0, 5.01, 5.06, 5.09, 5.02, 5.09, 5.03
时间：2020-07-23
5.1, 5.1, 5.06, 5.1, 5.1, 5.13, 5.06, 5.12, 5.2, 5.25, 5.32, 5.33, 5.27, 5.33, 5.33, 5.26, 5.25, 5.29, 5.21, 5.21, 5.24, 5.22, 5.25, 5.29, 5.28, 5.26, 5.31, 5.3, 5.28, 5.2, 5.21, 5.21, 5.17, 5.1, 5.15, 5.14, 5.13, 5.18, 5.2, 5.24, 5.1, 5.09, 5.08, 5.02, 4.95, 4.99, 4.9, 4.92
时间：2020-07-22
4.98, 4.98, 4.98, 4.98, 4.98, 4.98, 4.98, 4.98, 4.98, 4.98, 4.98, 4.98, 4.98, 4.98, 4.96, 4.97, 4.77, 4.77, 4.77, 4.76, 4.75, 4.76, 4.78, 4.78, 4.79, 4.74, 4.68, 4.67, 4.66, 4.69, 4.69, 4.68, 4.67, 4.66, 4.66, 4.66, 4.67, 4.66, 4.65, 4.66, 4.65, 4.66, 4.69, 4.66, 4.49, 4.54, 4.53, 4.49
时间：2020-07-21
4.52, 4.52, 4.5, 4.47, 4.47, 4.43, 4.48, 4.52, 4.49, 4.47, 4.59, 4.59, 4.58, 4.6, 4.58, 4.61, 4.61, 4.65, 4.65, 4.65, 4.67, 4.65, 4.68, 4.66, 4.64, 4.66, 4.65, 4.64, 4.67, 4.67, 4.66, 4.7, 4.71, 4.71, 4.71, 4.7, 4.72, 4.72, 4.74, 4.73, 4.72, 4.74, 4.75, 4.78, 4.72, 4.69, 4.7, 4.76
时间：2020-07-20
4.82, 4.87, 4.91, 4.99, 4.99, 4.84, 4.84, 4.86, 4.8, 4.81, 4.8, 4.78, 4.81, 4.78, 4.75, 4.77, 4.77, 4.78, 4.76, 4.77, 4.75, 4.74, 4.73, 4.74, 4.73, 4.72, 4.75, 4.76, 4.79, 4.78, 4.76, 4.78, 4.82, 4.64, 4.65, 4.65, 4.64, 4.66, 4.64, 4.64, 4.64, 4.59, 4.63, 4.63, 4.67, 4.64, 4.7, 4.6
时间：2020-07-17
4.64, 4.65, 4.68, 4.62, 4.69, 4.66, 4.67, 4.66, 4.67, 4.65, 4.66, 4.67, 4.62, 4.66, 4.67, 4.63, 4.62, 4.59, 4.67, 4.71, 4.7, 4.71, 4.71, 4.69, 4.71, 4.72, 4.73, 4.73, 4.71, 4.79, 4.77, 4.81, 4.84, 4.79, 4.86, 4.85, 4.92, 4.84, 4.83, 4.76, 4.73, 4.74, 4.65, 4.73, 4.73, 4.58, 4.56, 4.66
时间：2020-07-16
5.01, 5.01, 5.01, 5.01, 5.01, 5.01, 5.01, 5.01, 5.01, 5.01, 5.01, 5.01, 5.01, 5.01, 5.01, 5.01, 5.01, 5.01, 5.01, 5.01, 5.01, 5.01, 5.01, 5.01, 5.01, 5.01, 5.01, 5.01, 5.01, 5.01, 5.01, 5.01, 5.01, 5.01, 5.01, 5.01, 5.01, 5.01, 5.01, 5.01, 5.01, 5.01, 5.01, 5.01, 5.01, 5.01, 5.06, 5.44
时间：2020-07-15
5.57, 5.57, 5.57, 5.57, 5.57, 5.57, 5.57, 5.57, 5.57, 5.57, 5.57, 5.57, 5.57, 5.57
