时间：2020-07-24
51.89, 52.05, 52.6, 52.26, 52.35, 52.42, 52.34, 52.22, 52.42, 51.74, 52.17, 52.53, 52.67, 52.48, 52.73, 52.77, 52.68, 52.52, 52.41, 52.3, 52.36, 52.45, 52.6, 53.21, 53.6, 53.75, 53.95, 53.95, 54.0, 53.64, 53.64, 53.95, 54.04, 54.02, 54.01, 54.1, 54.09, 54.3, 54.23, 54.32, 54.65, 54.33, 54.35, 54.54, 54.9, 55.2, 55.2, 56.05
时间：2020-07-23
55.94, 55.93, 55.78, 55.72, 55.54, 55.9, 55.79, 55.9, 55.85, 56.23, 56.1, 55.63, 55.52, 55.48, 55.4, 55.16, 55.23, 55.33, 55.13, 55.16, 55.17, 55.1, 55.01, 55.46, 55.36, 54.92, 55.16, 55.14, 54.98, 54.9, 55.23, 55.12, 55.43, 54.93, 55.08, 54.9, 55.09, 55.7, 55.92, 55.66, 55.78, 55.99, 56.25, 56.36, 56.64, 55.71, 56.17, 55.19
时间：2020-07-22
55.19, 55.1, 55.02, 55.14, 55.17, 55.25, 55.52, 55.37, 55.15, 54.97, 55.16, 55.12, 55.23, 55.04, 54.99, 55.05, 55.1, 55.25, 55.44, 55.44, 55.25, 55.31, 55.5, 55.52, 55.37, 55.68, 55.41, 55.51, 55.61, 55.61, 55.78, 55.52, 55.22, 55.18, 54.99, 54.97, 55.46, 55.02, 54.83, 54.74, 55.11, 55.16, 55.56, 55.96, 55.66, 55.56, 55.16, 54.99
时间：2020-07-21
55.2, 55.36, 55.41, 55.35, 55.0, 54.98, 54.99, 55.18, 54.56, 55.08, 55.29, 55.59, 55.72, 55.57, 55.55, 55.6, 55.55, 55.83, 55.81, 56.06, 56.05, 56.2, 56.41, 56.62, 56.49, 56.78, 56.35, 56.65, 56.66, 56.73, 56.79, 56.72, 56.96, 57.0, 56.36, 56.8, 56.88, 56.87, 56.04, 55.91, 56.2, 55.81, 55.69, 55.66, 55.29, 54.3, 54.3, 54.41
时间：2020-07-20
54.64, 54.51, 54.71, 54.29, 54.27, 54.22, 54.47, 54.32, 54.39, 54.6, 54.57, 54.28, 54.53, 54.56, 54.85, 54.77, 55.35, 55.69, 55.58, 56.28, 55.79, 55.64, 56.07, 54.99, 54.73, 54.85, 54.45, 54.2, 54.08, 54.53, 54.66, 54.72, 54.41, 54.12, 54.09, 54.0, 53.52, 53.16, 53.49, 52.95, 52.9, 52.83, 53.55, 53.0, 52.51, 52.0, 52.12, 53.58
时间：2020-07-17
52.39, 52.38, 52.64, 52.73, 52.87, 53.38, 52.64, 52.29, 52.29, 52.09, 52.15, 51.99, 51.53, 51.49, 51.24, 51.12, 50.97, 51.25, 51.12, 50.37, 51.16, 51.85, 51.7, 51.27, 51.59, 51.9, 51.92, 52.05, 52.02, 52.1, 51.93, 52.29, 52.46, 51.93, 52.4, 52.25, 52.45, 52.15, 52.05, 51.42, 51.76, 51.49, 51.53, 51.6, 50.99, 51.01, 49.87, 50.0
时间：2020-07-16
49.71, 50.49, 50.18, 49.13, 49.31, 49.49, 49.83, 50.02, 50.48, 50.68, 51.07, 50.65, 50.8, 51.0, 51.14, 51.38, 50.54, 51.3, 51.33, 51.57, 51.81, 52.34, 52.6, 52.08, 51.83, 51.51, 51.81, 52.05, 52.07, 52.0, 51.88, 51.98, 51.62, 51.7, 51.9, 51.25, 51.31, 51.47, 51.39, 51.7, 51.65, 52.0, 52.05, 51.56, 51.8, 50.73, 51.2, 50.13
时间：2020-07-15
49.95, 50.11, 50.61, 50.71, 50.97, 50.95, 50.88, 50.88, 51.0, 50.63, 50.72, 50.81, 50.99, 51.0
