时间：2020-07-24
10.38, 10.36, 10.43, 10.41, 10.55, 10.45, 10.45, 10.55, 10.53, 10.38, 10.5, 10.5, 10.58, 10.53, 10.59, 10.69, 10.78, 10.72, 10.71, 10.78, 10.71, 10.9, 10.82, 10.98, 10.99, 11.04, 10.97, 11.03, 11.11, 11.14, 11.1, 11.12, 11.18, 11.06, 11.06, 11.12, 11.14, 11.22, 11.2, 11.24, 11.26, 11.19, 11.3, 11.34, 11.36, 11.43, 11.46, 11.32
时间：2020-07-23
11.5, 11.53, 11.52, 11.5, 11.49, 11.58, 11.59, 11.53, 11.56, 11.62, 11.61, 11.6, 11.59, 11.54, 11.51, 11.56, 11.58, 11.57, 11.44, 11.44, 11.39, 11.37, 11.35, 11.41, 11.41, 11.37, 11.38, 11.4, 11.31, 11.33, 11.43, 11.45, 11.46, 11.49, 11.46, 11.51, 11.46, 11.55, 11.51, 11.51, 11.61, 11.62, 11.73, 11.64, 11.65, 11.65, 11.63, 11.65
时间：2020-07-22
12.14, 11.88, 11.86, 11.91, 11.91, 12.02, 11.98, 11.81, 11.81, 11.68, 11.6, 11.51, 11.57, 11.56, 11.46, 11.56, 11.49, 11.61, 11.65, 11.62, 11.56, 11.64, 11.62, 11.51, 11.52, 11.39, 11.43, 11.39, 11.41, 11.35, 11.42, 11.3, 11.37, 11.26, 11.28, 11.18, 11.19, 11.18, 11.09, 11.07, 11.1, 11.06, 11.02, 11.13, 11.02, 11.14, 11.35, 11.53
时间：2020-07-21
11.39, 11.34, 11.42, 11.47, 11.47, 11.39, 11.36, 11.34, 11.37, 11.34, 11.41, 11.44, 11.46, 11.43, 11.46, 11.45, 11.43, 11.32, 11.37, 11.49, 11.42, 11.45, 11.48, 11.54, 11.58, 11.51, 11.5, 11.59, 11.72, 11.58, 11.26, 11.31, 11.33, 11.32, 11.4, 11.49, 11.53, 11.48, 11.51, 11.58, 11.48, 11.5, 11.56, 11.66, 11.58, 11.75, 11.69, 11.45
时间：2020-07-20
11.77, 11.77, 11.8, 11.76, 11.76, 11.79, 11.8, 11.8, 11.7, 11.55, 11.59, 11.47, 11.54, 11.55, 11.62, 11.59, 11.61, 11.62, 11.73, 11.76, 11.78, 11.79, 11.78, 11.74, 11.79, 11.8, 11.81, 11.8, 11.77, 11.88, 11.84, 11.8, 11.85, 11.82, 11.8, 11.72, 11.8, 11.78, 11.75, 11.74, 11.79, 11.64, 11.48, 11.53, 11.44, 11.51, 11.6, 11.45
时间：2020-07-17
11.22, 11.32, 11.18, 11.18, 11.22, 11.27, 11.4, 11.47, 11.57, 11.54, 11.46, 11.59, 11.49, 11.61, 11.48, 11.45, 11.39, 11.3, 11.5, 11.53, 11.48, 11.56, 11.61, 11.22, 11.45, 11.6, 11.5, 11.56, 11.63, 11.66, 11.62, 11.71, 11.78, 11.8, 11.89, 11.69, 11.89, 11.8, 11.49, 11.46, 11.47, 11.46, 11.37, 11.59, 11.43, 11.75, 11.65, 11.95
时间：2020-07-16
12.51, 12.49, 12.5, 12.5, 12.32, 12.53, 12.64, 12.5, 12.8, 12.65, 12.88, 12.75, 12.8, 12.91, 13.0, 12.88, 12.67, 12.66, 13.03, 13.04, 13.18, 13.14, 13.09, 13.29, 13.01, 13.0, 13.05, 13.0, 13.17, 13.33, 13.37, 13.56, 13.01, 12.89, 12.71, 12.6, 12.66, 12.65, 12.76, 12.64, 12.75, 12.76, 12.52, 12.63, 12.86, 12.31, 12.56, 12.4
时间：2020-07-15
13.68, 13.68, 13.68, 13.68, 13.68, 13.68, 13.68, 13.68, 13.68, 13.68, 13.68, 13.68, 13.68, 13.68
