时间：2020-07-24
5.02, 5.06, 5.02, 5.04, 5.08, 5.07, 4.97, 5.02, 5.02, 4.95, 5.02, 5.05, 5.07, 5.05, 5.08, 5.1, 5.11, 5.11, 5.1, 5.08, 5.05, 5.11, 5.1, 5.12, 5.13, 5.16, 5.15, 5.17, 5.18, 5.18, 5.19, 5.18, 5.17, 5.17, 5.16, 5.16, 5.15, 5.17, 5.14, 5.16, 5.17, 5.2, 5.21, 5.22, 5.24, 5.23, 5.3, 5.23
时间：2020-07-23
5.25, 5.19, 5.16, 5.16, 5.15, 5.17, 5.17, 5.17, 5.16, 5.2, 5.17, 5.15, 5.14, 5.15, 5.16, 5.16, 5.15, 5.2, 5.18, 5.17, 5.15, 5.14, 5.13, 5.15, 5.15, 5.14, 5.13, 5.12, 5.1, 5.15, 5.16, 5.18, 5.18, 5.19, 5.22, 5.19, 5.17, 5.17, 5.17, 5.19, 5.22, 5.24, 5.22, 5.26, 5.28, 5.25, 5.22, 5.2
时间：2020-07-22
5.22, 5.19, 5.19, 5.21, 5.22, 5.24, 5.24, 5.23, 5.25, 5.24, 5.25, 5.24, 5.26, 5.27, 5.28, 5.26, 5.27, 5.28, 5.29, 5.32, 5.27, 5.28, 5.27, 5.26, 5.25, 5.24, 5.25, 5.26, 5.28, 5.28, 5.29, 5.27, 5.3, 5.26, 5.2, 5.23, 5.25, 5.22, 5.26, 5.28, 5.28, 5.29, 5.3, 5.3, 5.29, 5.28, 5.21, 5.24
时间：2020-07-21
5.24, 5.28, 5.27, 5.28, 5.29, 5.28, 5.28, 5.27, 5.27, 5.27, 5.3, 5.31, 5.34, 5.33, 5.32, 5.31, 5.31, 5.32, 5.32, 5.32, 5.29, 5.29, 5.29, 5.34, 5.32, 5.28, 5.27, 5.26, 5.26, 5.25, 5.24, 5.26, 5.29, 5.27, 5.22, 5.24, 5.3, 5.32, 5.27, 5.26, 5.25, 5.33, 5.21, 5.27, 5.4, 5.41, 5.34, 5.29
时间：2020-07-20
5.29, 5.3, 5.29, 5.29, 5.26, 5.26, 5.26, 5.25, 5.24, 5.21, 5.22, 5.2, 5.21, 5.19, 5.24, 5.24, 5.25, 5.12, 5.15, 5.11, 5.13, 5.14, 5.08, 5.06, 5.02, 5.03, 5.03, 5.02, 5.01, 5.02, 5.03, 4.98, 4.99, 4.97, 4.96, 4.97, 4.97, 4.98, 4.95, 4.98, 4.99, 4.96, 4.93, 4.85, 4.89, 4.9, 4.83, 4.86
时间：2020-07-17
4.84, 4.81, 4.77, 4.77, 4.82, 4.81, 4.86, 4.88, 4.87, 4.83, 4.84, 4.82, 4.83, 4.81, 4.86, 4.76, 4.77, 4.77, 4.76, 4.81, 4.81, 4.85, 4.85, 4.78, 4.79, 4.89, 4.86, 4.87, 4.89, 4.94, 4.91, 4.94, 4.9, 4.93, 5.02, 4.94, 4.91, 4.95, 4.81, 4.82, 4.88, 4.98, 5.12, 5.16, 5.13, 5.18, 5.24, 5.17
时间：2020-07-16
5.1, 5.07, 5.06, 5.1, 5.1, 5.2, 5.25, 5.21, 5.26, 5.26, 5.3, 5.27, 5.25, 5.26, 5.25, 5.22, 5.16, 5.2, 5.2, 5.28, 5.29, 5.29, 5.32, 5.28, 5.25, 5.27, 5.27, 5.24, 5.25, 5.29, 5.29, 5.29, 5.28, 5.24, 5.3, 5.22, 5.22, 5.19, 5.3, 5.28, 5.31, 5.3, 5.26, 5.27, 5.32, 5.17, 5.11, 5.15
时间：2020-07-15
5.13, 5.17, 5.19, 5.24, 5.28, 5.28, 5.11, 5.1, 5.09, 5.11, 5.1, 5.14, 5.11, 5.09
