时间：2020-07-24
20.57, 20.52, 20.72, 20.77, 20.81, 20.65, 20.51, 20.6, 20.67, 20.51, 20.67, 20.7, 20.86, 20.73, 20.8, 20.94, 20.98, 20.96, 20.93, 20.92, 20.8, 20.9, 20.77, 20.95, 20.85, 21.06, 21.06, 21.08, 21.12, 21.2, 21.16, 21.24, 21.25, 21.31, 21.2, 21.31, 21.31, 21.51, 21.47, 21.5, 21.47, 21.49, 21.46, 21.57, 21.48, 21.62, 21.89, 21.79
时间：2020-07-23
21.8, 21.86, 21.79, 21.63, 21.58, 21.62, 21.58, 21.59, 21.63, 21.68, 21.57, 21.6, 21.61, 21.6, 21.51, 21.54, 21.47, 21.5, 21.46, 21.6, 21.57, 21.5, 21.44, 21.51, 21.48, 21.39, 21.46, 21.38, 21.35, 21.19, 21.27, 21.38, 21.46, 21.42, 21.43, 21.45, 21.36, 21.54, 21.52, 21.4, 21.57, 21.48, 21.65, 21.72, 21.86, 21.84, 21.76, 21.46
时间：2020-07-22
21.7, 21.66, 21.62, 21.75, 21.78, 21.87, 21.91, 22.03, 21.78, 21.77, 21.81, 21.87, 21.85, 21.81, 21.81, 21.83, 21.83, 21.94, 21.89, 21.85, 21.79, 21.75, 21.79, 21.74, 21.81, 21.89, 21.82, 21.77, 21.89, 21.99, 21.91, 21.82, 21.79, 21.69, 21.68, 21.77, 21.79, 21.68, 21.69, 21.68, 21.7, 21.93, 21.95, 22.0, 21.9, 22.21, 22.05, 21.8
时间：2020-07-21
22.0, 22.09, 22.19, 22.06, 22.02, 21.99, 21.98, 21.98, 21.94, 21.95, 22.0, 21.87, 21.9, 21.82, 21.74, 21.82, 21.63, 21.88, 21.87, 22.0, 21.97, 21.9, 21.98, 21.91, 21.87, 21.88, 21.9, 21.8, 21.86, 21.85, 21.75, 21.85, 21.93, 21.97, 21.75, 21.82, 21.7, 21.56, 21.61, 21.85, 21.42, 20.99, 21.05, 21.22, 21.3, 21.11, 21.14, 21.46
时间：2020-07-20
21.53, 21.47, 21.48, 21.47, 21.47, 21.48, 21.44, 21.4, 21.4, 21.33, 21.43, 21.27, 21.4, 21.47, 21.53, 21.56, 21.53, 21.48, 21.49, 21.53, 21.48, 21.4, 21.49, 21.5, 21.4, 21.39, 21.3, 21.21, 21.07, 21.24, 21.33, 21.39, 21.33, 21.12, 21.18, 21.28, 20.9, 20.69, 20.53, 20.25, 20.32, 20.66, 20.81, 20.5, 20.42, 20.31, 20.15, 20.49
时间：2020-07-17
19.79, 19.74, 19.54, 19.49, 19.58, 19.59, 19.55, 19.59, 19.64, 19.65, 19.52, 19.62, 19.51, 19.58, 19.66, 19.57, 19.52, 19.54, 19.59, 19.6, 19.57, 19.67, 19.6, 19.48, 19.61, 19.91, 19.78, 19.82, 19.8, 19.98, 19.92, 20.06, 20.09, 20.17, 20.28, 20.23, 20.11, 20.12, 20.15, 20.12, 20.18, 20.12, 20.16, 20.14, 20.35, 20.1, 19.87, 19.06
时间：2020-07-16
18.71, 18.78, 18.91, 19.0, 18.99, 19.21, 19.35, 19.45, 19.57, 19.58, 19.68, 19.58, 19.63, 19.61, 19.54, 19.53, 19.28, 19.44, 19.48, 19.6, 19.76, 19.85, 19.84, 19.77, 19.74, 19.71, 19.77, 19.79, 19.82, 19.85, 19.94, 20.02, 19.99, 19.86, 19.91, 20.05, 20.14, 20.02, 20.11, 20.16, 20.24, 20.11, 20.29, 20.23, 20.18, 19.78, 19.88, 19.82
时间：2020-07-15
19.8, 19.88, 20.03, 20.01, 20.12, 20.0, 20.0, 20.08, 20.06, 20.05, 20.09, 20.15, 20.11, 20.09
