时间：2020-07-24
10.47, 10.47, 10.47, 10.47, 10.5, 10.47, 10.47, 10.48, 10.55, 10.47, 10.57, 10.58, 10.71, 10.53, 10.87, 10.91, 10.87, 10.9, 10.92, 10.86, 10.87, 10.96, 10.83, 11.2, 11.14, 11.26, 11.28, 11.3, 11.31, 11.29, 11.29, 11.32, 11.36, 11.31, 11.28, 11.33, 11.31, 11.34, 11.31, 11.31, 11.32, 11.35, 11.35, 11.35, 11.38, 11.28, 11.41, 11.57
时间：2020-07-23
11.6, 11.57, 11.6, 11.57, 11.51, 11.51, 11.6, 11.43, 11.46, 11.46, 11.43, 11.43, 11.43, 11.42, 11.4, 11.4, 11.4, 11.4, 11.45, 11.4, 11.34, 11.37, 11.32, 11.36, 11.28, 11.2, 11.24, 11.28, 11.3, 11.2, 11.2, 11.28, 11.38, 11.28, 11.4, 11.23, 11.23, 11.28, 11.3, 11.3, 11.44, 11.38, 11.51, 11.51, 11.5, 11.39, 11.25, 11.14
时间：2020-07-22
11.31, 11.32, 11.32, 11.38, 11.32, 11.44, 11.48, 11.46, 11.5, 11.49, 11.49, 11.5, 11.55, 11.46, 11.41, 11.47, 11.47, 11.53, 11.52, 11.64, 11.55, 11.5, 11.56, 11.68, 11.74, 11.72, 11.62, 11.57, 11.6, 11.69, 11.49, 11.38, 11.4, 11.26, 11.18, 11.19, 11.22, 11.22, 11.12, 11.07, 11.12, 11.13, 11.06, 11.15, 11.01, 11.08, 11.15, 11.26
时间：2020-07-21
11.25, 11.33, 11.33, 11.32, 11.32, 11.36, 11.29, 11.21, 11.31, 11.27, 11.31, 11.37, 11.42, 11.42, 11.38, 11.35, 11.38, 11.38, 11.41, 11.5, 11.38, 11.42, 11.42, 11.46, 11.52, 11.49, 11.47, 11.48, 11.54, 11.61, 11.57, 11.74, 11.81, 11.64, 11.72, 11.71, 11.79, 11.75, 11.72, 11.62, 11.74, 11.72, 11.69, 11.8, 11.59, 11.48, 11.55, 11.7
时间：2020-07-20
11.36, 11.32, 11.31, 11.29, 11.37, 11.24, 11.24, 11.18, 11.18, 11.2, 11.31, 11.19, 11.21, 11.21, 11.24, 11.26, 11.31, 11.32, 11.31, 11.29, 11.28, 11.29, 11.27, 11.2, 11.24, 11.29, 11.19, 11.13, 11.14, 11.22, 11.15, 11.12, 11.09, 11.14, 11.12, 11.19, 11.16, 11.03, 11.01, 11.3, 11.31, 11.21, 11.5, 11.7, 11.69, 11.86, 12.08, 12.08
时间：2020-07-17
11.79, 11.77, 11.64, 12.03, 12.19, 12.06, 12.2, 12.02, 12.08, 12.04, 12.08, 12.02, 12.03, 12.05, 12.06, 12.05, 12.09, 12.0, 12.0, 12.09, 12.2, 12.48, 12.08, 11.96, 12.11, 12.32, 12.34, 12.24, 12.36, 12.49, 12.3, 12.62, 12.45, 12.16, 12.18, 11.98, 11.94, 11.98, 11.8, 11.8, 11.72, 11.46, 11.05, 11.71, 11.72, 11.81, 11.96, 11.81
时间：2020-07-16
12.65, 12.82, 12.86, 12.68, 12.66, 12.95, 13.01, 12.81, 13.0, 13.03, 13.13, 12.97, 13.01, 13.17, 13.18, 13.36, 12.8, 12.83, 12.88, 12.81, 13.2, 13.26, 13.21, 13.33, 13.27, 13.33, 13.21, 13.31, 13.35, 13.42, 13.24, 13.38, 13.3, 13.45, 13.41, 13.18, 13.13, 13.14, 13.14, 13.2, 13.57, 13.61, 13.44, 13.58, 13.77, 13.83, 13.04, 12.55
时间：2020-07-15
13.1, 13.09, 13.1, 13.1, 13.1, 13.1, 13.1, 13.1, 13.1, 13.1, 13.1, 13.1, 13.1, 13.1
