时间：2020-07-24
9.3, 9.3, 9.32, 9.29, 9.33, 9.3, 9.25, 9.32, 9.29, 9.23, 9.27, 9.31, 9.35, 9.35, 9.38, 9.41, 9.41, 9.41, 9.39, 9.4, 9.39, 9.4, 9.4, 9.5, 9.51, 9.52, 9.46, 9.51, 9.52, 9.55, 9.53, 9.57, 9.56, 9.55, 9.52, 9.53, 9.54, 9.56, 9.56, 9.6, 9.57, 9.6, 9.59, 9.62, 9.6, 9.6, 9.6, 9.7
时间：2020-07-23
9.75, 9.76, 9.74, 9.74, 9.72, 9.73, 9.72, 9.7, 9.71, 9.75, 9.72, 9.7, 9.72, 9.71, 9.7, 9.69, 9.69, 9.73, 9.74, 9.68, 9.69, 9.68, 9.68, 9.7, 9.69, 9.64, 9.65, 9.66, 9.65, 9.6, 9.63, 9.65, 9.65, 9.66, 9.69, 9.68, 9.67, 9.7, 9.71, 9.73, 9.82, 9.8, 9.85, 9.8, 9.81, 9.72, 9.69, 9.61
时间：2020-07-22
9.66, 9.65, 9.62, 9.65, 9.67, 9.69, 9.71, 9.7, 9.67, 9.67, 9.67, 9.72, 9.71, 9.75, 9.73, 9.74, 9.72, 9.77, 9.79, 9.82, 9.81, 9.8, 9.83, 9.86, 9.89, 9.9, 9.86, 9.88, 9.89, 9.91, 9.92, 9.9, 9.9, 9.86, 9.84, 9.88, 9.89, 9.87, 9.85, 9.82, 9.84, 9.9, 9.75, 9.73, 9.74, 9.73, 9.79, 9.75
时间：2020-07-21
9.75, 9.74, 9.75, 9.76, 9.75, 9.74, 9.73, 9.73, 9.73, 9.72, 9.73, 9.74, 9.75, 9.76, 9.77, 9.69, 9.67, 9.66, 9.66, 9.68, 9.68, 9.69, 9.69, 9.68, 9.68, 9.69, 9.66, 9.62, 9.63, 9.65, 9.64, 9.69, 9.69, 9.67, 9.67, 9.69, 9.72, 9.74, 9.7, 9.69, 9.64, 9.65, 9.61, 9.6, 9.61, 9.64, 9.62, 9.68
时间：2020-07-20
9.66, 9.6, 9.59, 9.58, 9.58, 9.55, 9.54, 9.53, 9.52, 9.52, 9.53, 9.53, 9.53, 9.53, 9.55, 9.54, 9.57, 9.56, 9.59, 9.54, 9.52, 9.52, 9.52, 9.52, 9.49, 9.52, 9.49, 9.48, 9.48, 9.52, 9.5, 9.45, 9.47, 9.41, 9.41, 9.41, 9.42, 9.4, 9.39, 9.39, 9.37, 9.36, 9.4, 9.43, 9.52, 9.53, 9.57, 9.59
时间：2020-07-17
9.53, 9.53, 9.51, 9.54, 9.55, 9.54, 9.52, 9.51, 9.53, 9.49, 9.5, 9.51, 9.49, 9.51, 9.49, 9.46, 9.44, 9.44, 9.47, 9.44, 9.46, 9.51, 9.47, 9.47, 9.51, 9.56, 9.54, 9.56, 9.58, 9.6, 9.58, 9.66, 9.63, 9.66, 9.69, 9.69, 9.69, 9.72, 9.67, 9.64, 9.63, 9.64, 9.59, 9.63, 9.58, 9.59, 9.46, 9.53
时间：2020-07-16
9.55, 9.66, 9.64, 9.62, 9.63, 9.7, 9.66, 9.65, 9.73, 9.74, 9.83, 9.82, 9.79, 9.8, 9.8, 9.81, 9.77, 9.78, 9.79, 9.87, 9.93, 9.94, 9.94, 9.95, 9.95, 9.97, 9.99, 9.98, 9.99, 10.03, 9.99, 10.0, 10.02, 9.98, 10.02, 9.98, 9.99, 10.0, 10.05, 10.06, 10.1, 10.06, 10.06, 10.05, 10.1, 10.01, 9.99, 10.1
时间：2020-07-15
10.17, 10.13, 10.16, 10.17, 10.23, 10.24, 10.16, 10.19, 10.14, 10.12, 10.14, 10.17, 10.18, 10.15
