时间：2020-07-24
43.92, 44.23, 44.04, 44.25, 44.1, 43.87, 43.99, 44.69, 43.98, 43.3, 43.72, 43.7, 44.0, 43.86, 44.21, 44.36, 44.43, 44.18, 44.0, 44.4, 44.41, 44.91, 44.58, 44.94, 45.04, 45.41, 45.23, 45.72, 45.65, 45.79, 45.74, 45.96, 46.0, 45.9, 45.76, 45.85, 45.95, 46.3, 45.89, 45.96, 45.88, 46.07, 46.33, 46.65, 46.78, 46.97, 46.84, 45.98
时间：2020-07-23
45.94, 45.95, 45.82, 46.15, 45.83, 45.96, 45.96, 45.85, 46.12, 46.25, 46.5, 46.31, 45.84, 46.04, 46.25, 46.0, 46.0, 46.13, 45.75, 46.0, 45.59, 44.99, 45.21, 45.48, 45.2, 44.91, 45.1, 45.03, 44.96, 44.7, 44.97, 44.95, 45.36, 45.42, 45.9, 45.84, 45.9, 45.93, 46.33, 46.5, 46.67, 46.85, 46.8, 46.73, 46.94, 46.93, 47.4, 46.33
时间：2020-07-22
47.09, 47.09, 46.98, 46.92, 46.9, 47.0, 47.08, 46.99, 47.08, 47.13, 47.07, 47.18, 47.2, 47.0, 47.15, 46.93, 46.91, 47.07, 47.25, 47.43, 46.97, 47.09, 47.16, 47.94, 47.85, 48.09, 47.86, 47.4, 47.7, 48.03, 48.13, 47.9, 47.72, 47.63, 47.5, 46.8, 46.92, 47.18, 47.44, 47.45, 47.14, 46.81, 46.69, 47.82, 47.69, 47.42, 46.36, 47.19
时间：2020-07-21
46.87, 46.8, 46.93, 46.89, 46.92, 47.07, 47.29, 47.0, 47.32, 47.36, 47.12, 47.03, 47.25, 47.84, 47.29, 46.89, 46.7, 47.08, 47.04, 47.05, 47.14, 47.24, 47.21, 47.4, 47.01, 47.1, 47.09, 46.32, 46.1, 46.33, 46.03, 46.18, 45.92, 45.79, 45.82, 45.52, 46.28, 46.11, 45.87, 46.17, 46.19, 46.27, 46.43, 45.94, 45.82, 45.02, 45.3, 43.0
时间：2020-07-20
43.87, 43.87, 43.87, 43.87, 43.87, 43.87, 43.87, 43.79, 43.45, 43.5, 43.46, 43.15, 43.25, 43.29, 43.07, 42.97, 42.96, 42.81, 42.99, 43.18, 43.5, 43.67, 43.79, 43.54, 43.7, 43.6, 43.55, 43.1, 43.06, 42.81, 42.92, 42.8, 43.08, 42.5, 42.5, 42.4, 42.08, 42.0, 42.02, 41.52, 41.0, 40.71, 41.05, 41.26, 40.98, 41.3, 41.5, 40.3
时间：2020-07-17
39.86, 39.56, 39.44, 39.39, 39.63, 39.87, 39.94, 39.85, 40.0, 40.11, 40.0, 39.59, 39.31, 39.33, 39.49, 39.15, 39.16, 39.39, 39.55, 39.55, 39.63, 39.63, 39.32, 39.14, 39.54, 39.76, 39.81, 39.85, 39.8, 40.33, 40.3, 40.35, 40.39, 40.67, 39.3, 39.0, 39.09, 38.97, 39.05, 38.83, 38.88, 38.62, 38.38, 38.76, 39.03, 38.85, 38.61, 39.23
时间：2020-07-16
38.94, 39.01, 39.33, 39.4, 39.53, 40.28, 40.26, 40.01, 40.59, 40.67, 41.02, 40.82, 40.9, 41.2, 41.2, 41.12, 40.5, 40.88, 41.2, 41.4, 41.4, 41.55, 42.14, 42.2, 41.92, 42.2, 42.29, 42.22, 42.33, 42.41, 42.43, 42.6, 42.36, 42.46, 42.75, 41.73, 42.06, 42.16, 42.55, 42.58, 42.86, 42.83, 43.0, 43.39, 43.72, 43.66, 42.89, 43.31
时间：2020-07-15
42.25, 42.22, 42.76, 42.92, 43.1, 42.96, 43.06, 43.2, 43.43, 43.0, 43.16, 43.34, 43.29, 43.27
